107.35 	4.46 	31.37 	piano
154.43 	10.77 	52.28 	piano
34.24 	0.28 	8.94 	piano
20.81 	0.14 	5.05 	piano
54.10 	2.14 	15.86 	piano
46.29 	0.76 	12.05 	piano
41.09 	0.84 	12.05 	piano
139.40 	12.81 	50.70 	piano
60.81 	1.58 	17.95 	piano
67.58 	2.26 	19.00 	piano
25.03 	0.33 	6.27 	piano
141.90 	11.95 	53.14 	piano
91.01 	9.67 	35.15 	piano
16.60 	0.12 	4.01 	piano
85.35 	1.39 	22.83 	piano
112.04 	3.32 	29.94 	piano
102.66 	1.79 	26.36 	piano
179.08 	5.68 	49.68 	piano
137.95 	2.99 	37.06 	piano
228.75 	9.66 	66.02 	piano
150.88 	6.19 	45.63 	piano
155.62 	3.40 	41.03 	piano
112.87 	1.96 	29.48 	piano
281.88 	14.66 	86.61 	piano
62.30 	0.89 	16.52 	piano
78.50 	2.04 	20.82 	piano
72.27 	1.07 	18.50 	piano
117.67 	3.29 	32.28 	piano
92.73 	1.67 	24.73 	piano
150.58 	5.69 	43.08 	piano
102.75 	3.69 	30.78 	piano
104.88 	2.00 	27.52 	piano
76.65 	1.21 	19.94 	piano
182.71 	8.41 	55.78 	piano
221.31 	13.86 	69.62 	piano
427.29 	32.09 	138.50 	piano
274.55 	16.52 	84.41 	piano
352.25 	22.47 	114.44 	piano
454.85 	34.22 	148.18 	piano
380.87 	27.09 	124.95 	piano
96.35 	7.92 	32.75 	piano
113.40 	9.08 	40.16 	piano
96.72 	5.45 	31.22 	piano
128.56 	9.52 	44.44 	piano
150.06 	14.00 	52.19 	piano
149.30 	11.53 	50.70 	piano
131.66 	10.83 	46.12 	piano
109.51 	7.07 	35.57 	piano
85.17 	5.69 	28.55 	piano
151.90 	13.81 	53.29 	piano
167.39 	13.49 	56.74 	piano
133.73 	11.41 	45.11 	piano
146.18 	12.23 	50.25 	piano
63.89 	5.52 	23.45 	piano
101.27 	7.88 	34.63 	piano
89.20 	5.44 	28.39 	piano
95.29 	7.62 	32.41 	piano
164.62 	16.57 	58.95 	piano
78.59 	5.42 	26.12 	piano
83.64 	4.55 	26.42 	piano
118.46 	12.47 	42.61 	piano
21.70 	0.60 	5.99 	piano
14.85 	0.35 	4.07 	piano
15.87 	0.17 	4.08 	piano
24.73 	0.78 	7.70 	piano
13.61 	0.19 	3.88 	piano
71.73 	5.53 	23.98 	piano
76.06 	5.57 	25.09 	piano
21.61 	0.35 	5.79 	piano
12.78 	0.06 	3.02 	piano
17.03 	0.31 	4.51 	piano
12.36 	0.20 	3.17 	piano
85.55 	8.44 	30.36 	piano
23.76 	0.62 	6.73 	piano
12.25 	0.07 	2.95 	piano
15.14 	0.33 	4.20 	piano
38.74 	2.35 	12.00 	piano
15.80 	0.60 	5.30 	piano
100.34 	7.36 	34.15 	piano
116.56 	8.78 	40.39 	piano
114.77 	9.07 	39.62 	piano
105.27 	6.16 	34.75 	piano
144.10 	11.12 	49.73 	piano
105.12 	9.84 	38.44 	piano
102.20 	7.39 	35.62 	piano
103.59 	6.60 	34.49 	piano
118.28 	9.18 	39.91 	piano
105.25 	8.57 	36.49 	piano
67.43 	4.29 	21.17 	piano
76.15 	4.33 	23.90 	piano
111.90 	8.31 	38.33 	piano
118.56 	8.45 	40.58 	piano
131.43 	10.78 	46.51 	piano
84.07 	8.59 	36.09 	piano
144.91 	43.59 	82.99 	piano
43.33 	1.19 	11.95 	piano
29.56 	0.66 	7.86 	piano
30.89 	0.37 	8.10 	piano
49.70 	1.56 	15.43 	piano
27.69 	0.39 	7.88 	piano
135.69 	9.92 	44.86 	piano
157.59 	12.23 	52.56 	piano
44.12 	0.71 	11.80 	piano
25.53 	0.12 	6.03 	piano
34.38 	0.62 	9.08 	piano
24.30 	0.39 	6.24 	piano
169.17 	16.94 	60.13 	piano
52.06 	1.47 	14.92 	piano
24.61 	0.14 	5.92 	piano
30.23 	0.66 	8.38 	piano
76.87 	4.67 	23.83 	piano
30.78 	0.59 	8.52 	piano
24.07 	2.85 	13.70 	piano
250.49 	17.98 	79.86 	piano
238.89 	16.11 	76.86 	piano
315.98 	25.31 	101.25 	piano
385.14 	33.44 	127.33 	piano
172.98 	11.24 	55.12 	piano
145.38 	8.09 	50.66 	piano
185.66 	11.18 	59.83 	piano
223.20 	13.75 	77.06 	piano
162.23 	9.78 	53.27 	piano
186.54 	11.80 	58.98 	piano
215.35 	14.00 	71.50 	piano
125.11 	6.31 	39.99 	piano
206.90 	14.32 	66.49 	piano
214.00 	13.91 	68.17 	piano
179.82 	10.05 	62.71 	piano
229.79 	13.81 	74.05 	piano
276.38 	16.99 	95.49 	piano
199.92 	12.13 	65.73 	piano
230.91 	14.59 	73.00 	piano
266.39 	17.40 	88.47 	piano
155.38 	7.88 	49.74 	piano
255.86 	17.73 	82.25 	piano
113.56 	4.83 	32.85 	piano
125.60 	5.88 	37.11 	piano
110.04 	4.48 	31.54 	piano
127.93 	5.60 	37.59 	piano
149.49 	6.55 	44.39 	piano
97.27 	1.93 	26.99 	piano
120.54 	4.21 	33.60 	piano
162.83 	8.60 	49.66 	piano
180.93 	10.38 	57.78 	piano
176.41 	11.35 	56.02 	piano
186.33 	10.07 	56.78 	piano
66.59 	4.59 	21.10 	piano
175.74 	14.78 	60.19 	piano
165.12 	13.89 	57.45 	piano
145.26 	11.77 	51.20 	piano
62.52 	4.61 	23.88 	piano
12.09 	0.09 	2.92 	piano
112.85 	9.33 	37.89 	piano
197.04 	14.47 	64.08 	piano
34.64 	1.14 	9.71 	piano
7.61 	0.11 	1.91 	piano
56.40 	3.48 	17.74 	piano
10.27 	0.14 	2.57 	piano
148.46 	10.19 	49.03 	piano
171.20 	13.48 	56.90 	piano
76.06 	2.99 	21.45 	piano
30.22 	1.13 	8.82 	piano
153.32 	15.28 	55.84 	piano
92.85 	7.64 	32.03 	piano
76.24 	4.52 	24.16 	piano
161.13 	14.25 	57.80 	piano
45.09 	3.78 	19.14 	piano
102.08 	7.85 	34.65 	piano
148.34 	13.30 	53.40 	piano
71.15 	3.19 	21.68 	piano
147.57 	10.85 	51.93 	piano
249.55 	23.95 	92.54 	piano
48.53 	0.86 	12.84 	piano
205.38 	19.92 	72.85 	piano
114.51 	9.52 	39.60 	piano
67.83 	4.10 	21.01 	piano
149.16 	12.28 	50.26 	piano
108.95 	9.30 	39.93 	piano
119.22 	11.19 	44.99 	piano
190.60 	20.01 	73.74 	piano
65.77 	6.79 	25.03 	piano
217.09 	20.91 	78.39 	piano
16.04 	0.16 	4.02 	piano
25.56 	0.53 	7.06 	piano
42.14 	2.53 	13.26 	piano
43.55 	2.54 	13.62 	piano
32.02 	0.85 	9.13 	piano
53.37 	3.67 	17.18 	piano
59.74 	3.97 	19.03 	piano
30.80 	0.81 	8.59 	piano
40.34 	1.59 	11.61 	piano
51.73 	2.56 	15.28 	piano
68.93 	3.44 	22.70 	piano
64.10 	3.93 	22.68 	piano
43.92 	3.29 	18.00 	piano
56.06 	4.04 	18.18 	piano
128.82 	10.49 	43.86 	piano
124.36 	9.21 	44.45 	piano
162.97 	13.30 	60.27 	piano
158.92 	11.35 	53.72 	piano
201.79 	19.51 	72.95 	piano
47.75 	4.05 	17.14 	piano
101.95 	6.39 	32.87 	piano
143.36 	13.13 	57.87 	piano
206.29 	16.09 	69.96 	piano
172.56 	12.95 	59.40 	piano
166.59 	16.99 	60.85 	piano
58.88 	3.05 	18.48 	piano
141.28 	11.27 	49.70 	piano
191.60 	17.07 	72.39 	piano
209.23 	19.23 	71.86 	piano
238.41 	79.25 	147.32 	piano
142.46 	7.45 	45.99 	piano
142.22 	8.90 	53.92 	piano
170.84 	10.14 	55.48 	piano
222.39 	17.22 	78.92 	piano
168.52 	13.52 	66.20 	piano
235.56 	19.26 	87.57 	piano
61.30 	1.55 	16.54 	piano
47.10 	1.09 	12.60 	piano
67.37 	1.77 	18.31 	piano
109.10 	5.36 	31.93 	piano
89.98 	3.96 	25.88 	piano
87.71 	4.01 	25.60 	piano
205.67 	12.51 	64.29 	piano
183.41 	11.08 	57.44 	piano
156.02 	11.82 	56.29 	piano
208.13 	12.74 	65.47 	piano
238.70 	16.31 	77.59 	piano
105.84 	4.26 	32.07 	piano
166.68 	12.27 	60.75 	piano
89.30 	4.69 	27.50 	piano
140.51 	10.36 	51.50 	piano
66.10 	1.98 	20.80 	piano
118.76 	10.19 	46.81 	piano
70.96 	6.12 	28.62 	piano
179.89 	13.65 	59.55 	piano
189.20 	13.53 	61.29 	piano
219.03 	19.58 	78.99 	piano
205.45 	18.32 	73.63 	piano
199.36 	17.34 	69.85 	piano
222.60 	19.48 	79.55 	piano
152.71 	10.08 	48.85 	piano
210.43 	16.40 	69.50 	piano
176.50 	13.39 	57.54 	piano
63.28 	2.87 	18.98 	piano
198.24 	16.93 	69.74 	piano
244.57 	22.28 	87.91 	piano
281.22 	66.20 	143.08 	piano
175.57 	17.70 	65.20 	piano
269.95 	32.74 	108.10 	piano
291.24 	32.39 	114.19 	piano
296.16 	34.63 	116.73 	piano
152.93 	12.95 	56.71 	piano
156.48 	23.32 	64.93 	piano
101.36 	15.87 	49.75 	piano
140.00 	9.19 	44.88 	piano
240.40 	22.45 	86.94 	piano
356.19 	37.51 	135.46 	piano
331.01 	44.62 	140.95 	piano
41.79 	0.51 	10.68 	piano
77.51 	1.93 	21.03 	piano
168.87 	11.70 	58.29 	piano
99.34 	2.67 	27.20 	piano
61.44 	2.06 	18.10 	piano
69.04 	1.43 	19.06 	piano
61.21 	1.78 	20.95 	piano
75.30 	2.24 	22.76 	piano
91.61 	2.42 	24.87 	piano
44.97 	1.40 	12.54 	piano
70.12 	2.31 	19.92 	piano
100.47 	4.60 	29.79 	piano
90.53 	3.64 	28.25 	piano
143.38 	7.91 	47.28 	piano
186.05 	12.25 	61.85 	piano
15.91 	0.13 	4.00 	piano
55.88 	2.96 	18.02 	piano
93.15 	4.67 	29.88 	piano
190.22 	11.46 	58.85 	piano
271.67 	20.74 	89.97 	piano
206.45 	11.82 	63.96 	piano
84.92 	3.79 	24.72 	piano
82.94 	3.04 	23.73 	piano
96.65 	3.68 	27.57 	piano
302.77 	22.29 	100.49 	piano
354.62 	25.33 	113.38 	piano
142.73 	6.43 	41.63 	piano
137.95 	4.97 	39.40 	piano
243.87 	15.36 	78.79 	piano
77.86 	3.96 	25.11 	piano
125.09 	6.41 	38.91 	piano
147.03 	7.64 	45.11 	piano
230.79 	12.03 	70.65 	piano
178.64 	8.85 	55.42 	piano
243.90 	15.72 	75.88 	piano
247.55 	13.14 	79.07 	piano
205.75 	9.36 	65.76 	piano
177.99 	9.70 	54.38 	piano
18.11 	0.15 	4.49 	piano
39.28 	0.66 	10.14 	piano
54.97 	1.39 	14.96 	piano
52.35 	2.16 	19.74 	piano
195.55 	12.22 	64.23 	piano
114.54 	3.93 	33.12 	piano
188.19 	13.40 	67.75 	piano
76.57 	1.17 	20.88 	piano
12.91 	0.19 	4.75 	piano
42.93 	0.45 	11.07 	piano
35.69 	0.79 	9.56 	piano
43.41 	0.49 	11.05 	piano
9.61 	0.07 	2.44 	piano
150.37 	8.50 	49.52 	piano
168.38 	8.12 	53.34 	piano
146.61 	6.64 	47.13 	piano
129.45 	7.53 	39.67 	piano
161.73 	11.72 	51.70 	piano
219.37 	17.63 	72.90 	piano
160.50 	7.63 	50.00 	piano
125.48 	7.26 	41.99 	piano
87.19 	3.23 	24.95 	piano
84.42 	6.01 	29.67 	piano
206.81 	23.42 	81.63 	piano
186.94 	19.61 	70.08 	piano
259.41 	31.13 	100.30 	piano
72.05 	1.61 	19.54 	piano
133.87 	6.23 	39.48 	piano
108.25 	4.48 	31.45 	piano
145.70 	7.78 	44.11 	piano
112.54 	5.24 	32.69 	piano
310.02 	27.92 	115.01 	piano
261.86 	22.39 	94.79 	piano
227.01 	16.69 	86.52 	piano
248.73 	19.21 	96.10 	piano
190.26 	13.93 	70.04 	piano
256.77 	15.57 	83.40 	piano
244.42 	14.95 	77.17 	piano
134.79 	4.25 	38.48 	piano
181.11 	7.33 	52.65 	piano
161.08 	7.32 	48.03 	piano
189.86 	8.81 	60.67 	piano
149.24 	5.99 	43.47 	piano
123.26 	3.85 	35.71 	piano
197.95 	17.15 	68.52 	piano
84.52 	12.27 	36.85 	piano
98.35 	15.22 	39.52 	piano
118.42 	16.08 	46.48 	piano
139.41 	7.99 	43.60 	piano
143.38 	7.76 	44.51 	piano
121.18 	8.01 	48.33 	piano
112.16 	5.82 	41.55 	piano
140.95 	7.56 	46.20 	piano
177.25 	10.72 	56.03 	piano
218.49 	18.21 	80.00 	piano
65.02 	2.74 	25.42 	piano
135.13 	8.38 	43.33 	piano
197.75 	19.58 	73.93 	piano
69.96 	10.28 	28.27 	piano
229.64 	18.40 	77.48 	piano
247.92 	21.57 	83.87 	piano
320.02 	28.89 	111.18 	piano
324.78 	45.65 	135.89 	piano
242.65 	42.17 	109.41 	piano
87.10 	4.93 	25.81 	piano
138.11 	8.87 	42.98 	piano
89.32 	5.94 	27.47 	piano
121.59 	8.08 	38.42 	piano
145.45 	11.84 	46.94 	piano
132.42 	8.62 	41.46 	piano
87.84 	5.20 	26.60 	piano
175.55 	13.54 	56.97 	piano
120.29 	7.35 	36.59 	piano
125.50 	7.35 	38.33 	piano
40.26 	1.36 	11.15 	piano
59.32 	3.65 	18.75 	piano
49.89 	2.26 	15.21 	piano
57.04 	2.80 	16.98 	piano
215.85 	23.04 	74.64 	piano
150.16 	21.66 	59.13 	piano
52.33 	2.74 	15.83 	piano
47.37 	2.25 	14.44 	piano
76.21 	4.77 	23.75 	piano
55.01 	3.18 	17.60 	piano
61.03 	1.98 	18.75 	piano
48.89 	0.55 	12.43 	piano
87.35 	2.29 	24.75 	piano
163.26 	8.45 	50.20 	piano
210.26 	14.45 	68.04 	piano
59.62 	2.18 	16.99 	piano
104.84 	4.46 	30.37 	piano
140.21 	7.73 	42.59 	piano
155.41 	9.69 	47.51 	piano
235.83 	16.34 	75.31 	piano
290.91 	24.60 	97.59 	piano
433.45 	41.62 	148.45 	piano
271.89 	23.77 	93.17 	piano
166.33 	9.82 	52.48 	piano
262.53 	12.19 	78.66 	piano
178.27 	6.55 	51.72 	piano
151.18 	7.44 	44.89 	piano
329.12 	18.54 	102.81 	piano
55.14 	2.64 	19.13 	piano
164.21 	7.87 	48.55 	piano
183.29 	10.73 	60.81 	piano
237.92 	15.93 	76.22 	piano
166.20 	8.95 	56.38 	piano
214.00 	12.05 	65.15 	piano
136.72 	5.78 	39.33 	piano
194.44 	9.88 	57.73 	piano
151.25 	6.90 	43.48 	piano
76.54 	2.30 	20.98 	piano
51.99 	1.18 	13.82 	piano
107.21 	4.90 	35.82 	piano
226.17 	12.83 	68.93 	piano
133.76 	6.87 	42.87 	piano
261.31 	15.61 	80.14 	piano
73.72 	2.64 	21.47 	piano
246.55 	14.57 	76.27 	piano
182.30 	12.00 	63.05 	piano
114.01 	5.12 	33.83 	piano
78.57 	3.88 	23.22 	piano
266.62 	15.93 	82.65 	piano
60.68 	1.39 	16.33 	piano
69.57 	2.21 	19.60 	piano
53.91 	1.76 	15.32 	piano
50.17 	2.40 	17.21 	piano
256.90 	13.75 	77.94 	piano
241.64 	15.80 	76.49 	piano
47.51 	0.75 	12.30 	piano
92.36 	2.85 	26.19 	piano
68.60 	1.33 	18.07 	piano
36.39 	0.46 	8.97 	piano
118.23 	5.72 	35.98 	piano
278.18 	21.00 	92.08 	piano
206.73 	13.45 	66.58 	piano
329.86 	27.18 	110.59 	piano
95.06 	2.03 	25.49 	piano
136.89 	6.46 	41.00 	piano
39.16 	0.68 	10.10 	piano
32.13 	0.73 	8.61 	piano
17.26 	0.10 	4.12 	piano
226.71 	19.11 	74.98 	piano
36.60 	0.66 	10.76 	piano
52.84 	2.21 	18.42 	piano
116.75 	6.23 	39.73 	piano
88.33 	8.04 	32.08 	piano
107.24 	11.30 	43.16 	piano
49.90 	1.17 	14.66 	piano
54.73 	2.15 	15.96 	piano
76.62 	2.99 	21.96 	piano
45.47 	1.09 	13.41 	piano
42.19 	1.86 	13.31 	piano
87.55 	3.71 	25.56 	piano
121.59 	6.27 	36.65 	piano
96.12 	4.88 	28.79 	piano
144.45 	10.08 	45.72 	piano
168.00 	10.70 	52.67 	piano
343.13 	27.88 	116.66 	piano
258.20 	20.35 	86.41 	piano
54.89 	1.72 	15.43 	piano
41.05 	0.77 	11.02 	piano
85.44 	4.02 	25.39 	piano
78.72 	4.35 	25.79 	piano
158.32 	10.21 	52.33 	piano
96.18 	5.74 	33.38 	piano
50.85 	1.75 	16.10 	piano
51.02 	4.62 	17.77 	piano
99.42 	10.04 	36.98 	piano
164.32 	15.81 	60.39 	piano
84.86 	4.32 	28.71 	piano
95.43 	4.58 	32.65 	piano
71.52 	1.75 	19.10 	piano
84.54 	3.39 	24.52 	piano
147.91 	7.48 	44.64 	piano
86.33 	3.12 	24.41 	piano
129.28 	4.77 	36.66 	piano
63.86 	3.92 	20.81 	piano
102.54 	4.05 	29.87 	piano
99.09 	4.30 	29.31 	piano
103.94 	5.60 	32.29 	piano
70.38 	2.35 	19.83 	piano
106.72 	4.90 	32.02 	piano
124.75 	6.61 	38.23 	piano
49.54 	1.23 	13.49 	piano
59.42 	2.79 	17.32 	piano
104.80 	3.74 	30.38 	piano
116.21 	3.77 	32.71 	piano
61.63 	1.78 	16.77 	piano
116.06 	2.71 	31.84 	piano
274.14 	18.09 	91.13 	piano
40.70 	0.73 	10.83 	piano
52.62 	1.85 	16.46 	piano
61.18 	2.93 	23.13 	piano
85.67 	7.06 	33.33 	piano
62.73 	3.93 	26.01 	piano
77.27 	5.49 	30.14 	piano
36.37 	0.68 	10.87 	piano
19.52 	3.62 	11.82 	piano
48.53 	0.76 	13.39 	piano
85.55 	3.00 	24.08 	piano
136.54 	7.16 	44.42 	piano
346.62 	27.21 	124.75 	piano
92.92 	6.04 	32.29 	piano
42.54 	0.35 	10.88 	piano
32.49 	0.26 	8.00 	piano
8.01 	0.08 	2.29 	piano
114.64 	2.08 	29.70 	piano
60.96 	1.00 	15.19 	piano
71.92 	0.88 	17.97 	piano
127.73 	4.83 	38.86 	piano
53.93 	0.44 	13.35 	piano
133.72 	4.41 	38.50 	piano
153.43 	6.15 	45.43 	piano
255.95 	16.51 	82.69 	piano
238.38 	15.13 	77.86 	piano
72.10 	1.80 	21.05 	piano
80.27 	3.94 	25.38 	piano
101.74 	8.36 	36.00 	piano
91.14 	6.08 	29.96 	piano
191.70 	17.23 	67.21 	piano
58.50 	2.77 	18.16 	piano
111.06 	4.88 	34.63 	piano
154.28 	12.74 	52.64 	piano
45.47 	0.83 	13.30 	piano
61.86 	2.62 	21.63 	piano
138.72 	7.45 	47.25 	piano
103.20 	9.27 	37.22 	piano
127.39 	13.28 	51.13 	piano
57.50 	1.28 	16.48 	piano
65.38 	2.55 	19.02 	piano
90.52 	3.50 	25.92 	piano
53.65 	1.27 	15.80 	piano
48.61 	2.19 	15.44 	piano
154.33 	11.66 	53.31 	piano
122.91 	7.79 	39.58 	piano
88.47 	5.28 	29.79 	piano
118.59 	9.78 	41.60 	piano
133.99 	12.55 	50.02 	piano
196.97 	18.83 	71.41 	piano
74.08 	6.67 	28.53 	piano
174.10 	13.19 	58.37 	piano
60.13 	3.16 	18.88 	piano
125.20 	8.83 	44.02 	piano
74.07 	6.81 	28.42 	piano
119.75 	9.94 	43.11 	piano
110.16 	6.44 	34.79 	piano
101.36 	5.79 	33.73 	piano
131.44 	11.36 	47.27 	piano
114.96 	7.62 	39.12 	piano
162.85 	16.49 	60.36 	piano
148.48 	13.41 	53.71 	piano
210.16 	17.99 	74.28 	piano
85.30 	3.90 	25.79 	piano
88.14 	4.30 	27.84 	piano
75.23 	4.12 	24.28 	piano
73.84 	4.32 	22.93 	piano
80.89 	5.09 	25.52 	piano
93.30 	6.53 	31.46 	piano
102.79 	7.46 	34.55 	piano
50.21 	2.22 	15.77 	piano
99.27 	6.03 	31.85 	piano
103.06 	6.14 	32.81 	piano
167.98 	15.23 	60.65 	piano
174.19 	5.76 	50.18 	piano
199.67 	8.01 	59.20 	piano
332.75 	21.56 	107.60 	piano
310.45 	19.71 	101.45 	piano
94.11 	2.32 	27.47 	piano
263.11 	12.77 	85.55 	piano
351.87 	20.25 	114.86 	piano
179.93 	8.73 	61.91 	piano
115.71 	6.84 	35.99 	piano
159.37 	13.36 	53.98 	piano
123.96 	9.46 	41.56 	piano
123.81 	8.80 	40.45 	piano
130.23 	9.20 	43.16 	piano
87.29 	5.68 	27.66 	piano
70.54 	3.37 	22.16 	piano
83.36 	7.04 	29.75 	piano
78.02 	5.13 	25.57 	piano
161.02 	14.49 	56.47 	piano
49.79 	2.33 	15.45 	piano
93.39 	4.13 	29.11 	piano
136.49 	11.54 	46.74 	piano
140.47 	12.88 	49.87 	piano
168.97 	15.55 	61.95 	piano
144.76 	12.67 	51.84 	piano
97.64 	7.79 	35.35 	piano
44.19 	1.59 	12.63 	piano
65.54 	2.61 	18.71 	piano
47.21 	1.10 	12.90 	piano
79.80 	3.24 	23.22 	piano
272.32 	19.17 	88.46 	piano
21.63 	0.12 	5.15 	piano
26.14 	0.34 	6.96 	piano
103.34 	5.46 	31.35 	piano
163.85 	9.49 	50.24 	piano
92.94 	4.78 	28.14 	piano
84.52 	2.38 	23.68 	piano
184.39 	13.50 	63.38 	piano
185.64 	14.97 	65.61 	piano
94.90 	6.79 	33.31 	piano
132.29 	11.44 	48.74 	piano
330.52 	23.82 	110.15 	piano
311.22 	26.04 	107.29 	piano
45.60 	1.20 	13.32 	piano
64.65 	2.29 	18.42 	piano
90.00 	3.66 	25.64 	piano
126.64 	6.28 	38.11 	piano
56.59 	2.49 	16.53 	piano
21.19 	0.16 	5.27 	piano
325.04 	26.99 	113.20 	piano
36.75 	7.98 	16.19 	piano
194.56 	17.22 	69.32 	piano
189.31 	18.49 	68.48 	piano
171.91 	11.81 	56.58 	piano
219.04 	21.59 	78.03 	piano
178.52 	19.10 	67.36 	piano
193.40 	23.34 	72.23 	piano
207.27 	16.21 	71.75 	piano
180.59 	11.00 	58.37 	piano
229.32 	15.98 	77.14 	piano
228.91 	18.32 	78.38 	piano
88.22 	2.62 	24.94 	piano
141.72 	6.71 	42.81 	piano
80.58 	3.39 	23.35 	piano
140.22 	9.30 	46.41 	piano
104.24 	4.90 	31.28 	piano
274.19 	17.76 	87.62 	piano
96.56 	4.05 	27.99 	piano
110.94 	4.60 	32.41 	piano
159.66 	11.18 	54.11 	piano
35.44 	0.28 	9.25 	piano
21.88 	0.11 	5.28 	piano
56.12 	2.22 	16.44 	piano
50.13 	0.74 	13.09 	piano
37.15 	0.35 	9.46 	piano
37.38 	0.46 	9.56 	piano
236.74 	13.78 	74.00 	piano
296.92 	19.63 	95.29 	piano
160.33 	10.90 	52.01 	piano
43.26 	0.41 	10.98 	piano
46.52 	0.59 	12.08 	piano
37.14 	0.37 	9.23 	piano
15.67 	0.10 	3.73 	piano
84.39 	1.45 	22.77 	piano
89.65 	1.89 	25.86 	piano
246.04 	23.36 	90.57 	piano
115.47 	2.96 	34.03 	piano
120.67 	4.09 	33.87 	piano
39.83 	0.51 	9.82 	piano
259.88 	22.03 	98.02 	piano
160.32 	17.42 	61.52 	piano
29.48 	0.22 	7.15 	piano
192.58 	8.53 	61.69 	piano
136.62 	5.81 	41.08 	piano
174.70 	9.11 	52.55 	piano
162.02 	11.20 	53.87 	piano
254.41 	26.20 	91.28 	piano
256.10 	24.36 	91.64 	piano
236.46 	23.14 	89.32 	piano
244.53 	28.68 	98.17 	piano
273.65 	32.26 	108.54 	piano
231.54 	27.12 	92.99 	piano
253.28 	71.80 	144.29 	piano
220.49 	125.34 	190.35 	piano
118.57 	4.52 	33.31 	piano
211.63 	15.47 	75.62 	piano
189.55 	15.41 	67.96 	piano
188.66 	12.82 	62.31 	piano
39.80 	0.82 	10.66 	piano
144.21 	9.70 	50.19 	piano
132.47 	8.84 	45.65 	piano
179.87 	15.84 	65.23 	piano
255.22 	21.44 	87.25 	piano
122.85 	15.23 	51.06 	piano
201.13 	26.66 	86.52 	piano
169.81 	25.02 	75.27 	piano
202.19 	21.16 	82.23 	piano
177.02 	24.61 	74.22 	piano
239.52 	33.38 	103.84 	piano
250.39 	30.16 	100.78 	piano
125.14 	5.73 	37.83 	piano
129.21 	6.32 	40.83 	piano
110.34 	6.03 	35.59 	piano
108.34 	6.41 	33.67 	piano
118.68 	7.48 	37.47 	piano
136.87 	9.55 	46.17 	piano
150.72 	10.93 	50.65 	piano
73.65 	3.25 	23.13 	piano
145.61 	8.81 	46.71 	piano
151.23 	9.07 	48.21 	piano
246.67 	22.37 	89.08 	piano
78.09 	1.78 	21.26 	piano
74.72 	2.15 	21.07 	piano
75.61 	1.48 	20.08 	piano
74.25 	1.82 	20.21 	piano
179.37 	16.27 	61.25 	piano
173.33 	13.65 	57.34 	piano
84.09 	3.74 	25.08 	piano
52.69 	0.67 	13.35 	piano
65.51 	1.54 	17.85 	piano
64.88 	1.83 	17.86 	piano
62.13 	6.89 	23.28 	piano
56.59 	9.53 	26.30 	piano
141.91 	7.53 	45.63 	piano
138.88 	5.95 	41.41 	piano
50.19 	1.43 	13.86 	piano
60.88 	2.33 	18.42 	piano
33.30 	1.68 	11.77 	piano
261.96 	18.60 	86.76 	piano
296.51 	21.37 	97.10 	piano
360.84 	30.52 	121.87 	piano
67.94 	6.17 	25.59 	piano
190.75 	8.62 	66.95 	piano
52.06 	6.84 	21.33 	piano
94.97 	11.53 	39.02 	piano
88.27 	18.41 	47.66 	piano
108.87 	12.91 	50.09 	piano
97.92 	20.67 	53.04 	piano
97.16 	48.54 	76.34 	piano
112.25 	16.61 	54.34 	piano
239.76 	29.42 	100.93 	piano
367.57 	48.49 	148.75 	piano
88.99 	3.75 	26.04 	piano
111.36 	5.68 	33.46 	piano
109.73 	9.21 	40.21 	piano
292.48 	24.73 	105.77 	piano
277.09 	30.68 	110.55 	piano
47.95 	12.09 	25.85 	piano
65.40 	2.46 	19.85 	piano
33.87 	0.87 	10.11 	piano
20.20 	0.24 	5.28 	piano
234.21 	16.40 	74.50 	piano
256.68 	17.67 	81.75 	piano
284.99 	19.24 	89.94 	piano
82.54 	2.96 	23.20 	piano
95.76 	2.92 	26.98 	piano
120.84 	4.08 	36.19 	piano
65.50 	1.49 	19.36 	piano
98.90 	3.46 	28.59 	piano
161.10 	7.71 	48.66 	piano
146.91 	8.39 	51.56 	piano
59.74 	1.14 	15.56 	piano
87.65 	2.92 	24.68 	piano
50.24 	0.84 	13.51 	piano
19.21 	0.18 	4.91 	piano
64.22 	1.74 	19.26 	piano
100.33 	6.39 	38.46 	piano
128.93 	7.08 	41.62 	piano
240.22 	22.78 	82.13 	piano
177.23 	16.07 	65.01 	piano
197.74 	16.40 	74.47 	piano
36.60 	0.67 	9.85 	piano
355.41 	25.44 	118.12 	piano
310.87 	20.97 	104.60 	piano
323.72 	22.79 	107.80 	piano
357.08 	25.02 	118.44 	piano
408.72 	29.91 	134.44 	piano
327.84 	21.26 	106.02 	piano
17.53 	1.67 	8.80 	piano
29.11 	1.92 	12.69 	piano
90.10 	3.44 	26.43 	piano
137.22 	6.08 	40.59 	piano
121.80 	6.66 	38.12 	piano
96.34 	5.45 	35.09 	piano
341.80 	25.23 	110.60 	piano
265.81 	20.95 	94.08 	piano
312.57 	25.31 	106.83 	piano
381.57 	40.84 	137.16 	piano
33.01 	0.89 	8.91 	piano
85.48 	4.03 	25.03 	piano
90.41 	3.91 	26.61 	piano
103.01 	4.95 	30.96 	piano
68.44 	1.87 	18.95 	piano
86.72 	2.81 	24.62 	piano
100.48 	3.66 	28.79 	piano
106.30 	3.66 	30.73 	piano
99.20 	4.26 	29.79 	piano
144.96 	7.14 	44.72 	piano
154.64 	7.52 	46.18 	piano
146.56 	8.90 	48.14 	piano
196.89 	9.10 	58.72 	piano
133.75 	7.08 	46.70 	piano
85.06 	2.51 	24.04 	piano
137.24 	6.49 	41.46 	piano
78.03 	3.28 	22.62 	piano
135.55 	8.94 	44.85 	piano
100.73 	4.68 	30.14 	piano
265.22 	17.18 	84.76 	piano
93.59 	3.94 	27.13 	piano
290.40 	84.99 	141.41 	sax
610.16 	148.29 	267.34 	sax
682.72 	155.07 	292.57 	sax
680.93 	173.35 	305.87 	sax
781.53 	215.91 	361.82 	sax
646.20 	182.77 	300.72 	sax
713.18 	232.32 	354.85 	sax
100.18 	32.44 	57.03 	sax
321.42 	65.92 	145.41 	sax
418.04 	90.23 	185.69 	sax
493.90 	102.04 	213.92 	sax
407.90 	88.65 	180.26 	sax
351.06 	76.50 	150.93 	sax
392.12 	94.70 	166.70 	sax
481.54 	109.07 	202.80 	sax
486.72 	105.92 	200.97 	sax
460.92 	115.89 	200.40 	sax
522.51 	130.53 	231.45 	sax
537.27 	127.91 	238.78 	sax
474.31 	149.52 	239.17 	sax
519.44 	181.57 	272.14 	sax
472.31 	164.39 	253.60 	sax
218.01 	58.99 	107.87 	sax
420.50 	111.60 	199.45 	sax
512.47 	144.77 	254.22 	sax
538.19 	156.80 	265.82 	sax
490.92 	163.34 	256.86 	sax
352.92 	60.70 	134.76 	sax
252.40 	43.54 	98.44 	sax
241.92 	32.00 	81.34 	sax
237.69 	34.28 	87.33 	sax
233.07 	25.90 	78.20 	sax
262.76 	40.40 	99.33 	sax
262.52 	44.27 	101.57 	sax
251.50 	34.58 	88.05 	sax
271.78 	49.76 	107.41 	sax
254.47 	41.43 	95.78 	sax
253.74 	40.13 	95.89 	sax
376.74 	84.17 	162.49 	sax
417.22 	67.81 	158.21 	sax
448.22 	89.79 	185.86 	sax
419.38 	75.53 	169.19 	sax
358.72 	13.83 	107.47 	sax
330.10 	11.96 	90.85 	sax
517.36 	112.56 	215.10 	sax
494.94 	63.99 	177.01 	sax
87.45 	13.45 	33.25 	sax
149.04 	43.97 	75.80 	sax
225.20 	69.56 	111.02 	sax
205.94 	59.55 	99.14 	sax
250.86 	82.19 	125.92 	sax
181.55 	71.84 	104.85 	sax
248.77 	92.27 	134.79 	sax
251.16 	85.15 	133.15 	sax
163.86 	18.26 	56.59 	sax
394.24 	70.01 	161.24 	sax
434.11 	73.56 	166.54 	sax
474.20 	94.60 	194.16 	sax
436.27 	67.56 	163.90 	sax
444.69 	79.63 	178.26 	sax
491.12 	85.44 	189.58 	sax
526.50 	115.10 	220.98 	sax
585.07 	144.32 	261.06 	sax
497.28 	111.88 	213.59 	sax
195.17 	24.31 	72.69 	sax
564.43 	112.62 	253.17 	sax
723.09 	130.18 	304.90 	sax
564.09 	129.84 	262.46 	sax
759.95 	141.14 	321.52 	sax
708.93 	149.80 	321.18 	sax
856.24 	168.44 	371.91 	sax
817.26 	150.64 	340.95 	sax
418.64 	51.89 	151.73 	sax
347.95 	46.23 	134.99 	sax
187.46 	15.27 	58.35 	sax
222.06 	31.68 	79.17 	sax
239.00 	36.51 	89.55 	sax
247.46 	44.55 	96.02 	sax
251.41 	46.25 	100.79 	sax
281.89 	54.62 	117.33 	sax
243.77 	43.99 	95.93 	sax
107.42 	1.66 	30.69 	sax
191.96 	60.22 	90.80 	sax
362.09 	123.12 	179.78 	sax
325.94 	88.32 	145.21 	sax
295.52 	56.69 	119.53 	sax
324.94 	21.22 	99.81 	sax
373.99 	63.12 	150.32 	sax
477.77 	143.87 	223.18 	sax
479.10 	129.40 	218.04 	sax
286.16 	77.11 	127.42 	sax
233.91 	64.23 	103.23 	sax
207.30 	70.75 	112.14 	sax
268.36 	92.11 	143.89 	sax
196.88 	50.97 	90.61 	sax
324.07 	104.95 	171.85 	sax
346.86 	103.16 	169.69 	sax
363.08 	125.69 	192.52 	sax
399.28 	141.32 	214.17 	sax
376.78 	119.33 	195.18 	sax
407.11 	140.14 	217.77 	sax
336.54 	134.34 	199.47 	sax
85.69 	7.95 	29.69 	sax
125.26 	22.36 	57.79 	sax
229.32 	56.30 	118.49 	sax
365.67 	98.73 	189.99 	sax
282.20 	73.94 	142.75 	sax
287.06 	84.30 	157.97 	sax
419.85 	120.87 	219.73 	sax
207.26 	46.74 	99.02 	sax
229.68 	61.47 	116.86 	sax
416.70 	137.12 	229.18 	sax
479.70 	138.09 	241.72 	sax
443.02 	131.40 	232.27 	sax
90.78 	20.62 	45.83 	sax
372.29 	45.55 	141.88 	sax
541.44 	75.53 	209.76 	sax
676.99 	91.53 	262.43 	sax
673.05 	104.02 	274.42 	sax
704.60 	113.95 	297.52 	sax
634.13 	91.09 	248.23 	sax
743.50 	135.24 	325.17 	sax
810.01 	146.96 	345.37 	sax
860.34 	151.49 	363.65 	sax
573.12 	82.60 	225.52 	sax
418.91 	63.85 	169.38 	sax
716.86 	130.81 	308.63 	sax
788.49 	145.36 	336.16 	sax
624.82 	94.64 	247.66 	sax
152.12 	10.94 	47.28 	sax
286.74 	29.89 	96.03 	sax
303.82 	25.70 	94.89 	sax
354.81 	31.94 	112.31 	sax
283.15 	23.64 	90.40 	sax
364.53 	44.80 	131.88 	sax
389.90 	55.48 	147.48 	sax
391.30 	73.64 	162.65 	sax
342.52 	32.36 	112.82 	sax
208.67 	4.84 	56.72 	sax
198.45 	52.07 	89.06 	sax
321.89 	88.40 	143.71 	sax
425.47 	107.91 	182.56 	sax
424.24 	95.11 	175.01 	sax
425.58 	108.76 	185.36 	sax
412.03 	98.87 	176.76 	sax
501.92 	130.72 	219.47 	sax
125.10 	37.17 	70.56 	sax
290.03 	79.34 	148.69 	sax
425.57 	127.17 	218.81 	sax
344.10 	102.31 	180.48 	sax
456.35 	146.17 	245.16 	sax
405.51 	136.80 	226.20 	sax
320.94 	85.85 	160.86 	sax
474.87 	155.38 	254.26 	sax
360.13 	119.07 	197.69 	sax
166.16 	54.88 	98.47 	sax
301.67 	38.96 	111.90 	sax
369.72 	50.38 	140.36 	sax
359.38 	44.08 	136.07 	sax
377.11 	51.03 	139.80 	sax
151.98 	42.40 	78.65 	sax
357.77 	91.31 	169.02 	sax
407.21 	94.58 	183.31 	sax
365.65 	87.96 	169.06 	sax
431.55 	130.71 	215.03 	sax
433.96 	113.11 	196.96 	sax
326.43 	64.42 	142.50 	sax
315.09 	43.02 	125.28 	sax
471.68 	57.67 	177.28 	sax
495.26 	59.45 	186.03 	sax
547.15 	61.65 	200.59 	sax
572.44 	76.81 	222.48 	sax
569.40 	73.64 	218.56 	sax
468.81 	65.64 	186.71 	sax
642.29 	96.16 	261.24 	sax
604.38 	91.22 	243.28 	sax
315.66 	35.51 	113.62 	sax
302.09 	21.79 	88.32 	sax
417.02 	37.22 	130.03 	sax
371.52 	28.77 	113.45 	sax
299.92 	29.20 	101.33 	sax
302.93 	28.13 	97.22 	sax
312.17 	23.09 	96.24 	sax
164.94 	12.88 	49.21 	sax
159.40 	26.85 	63.32 	sax
218.70 	32.23 	82.90 	sax
215.44 	33.81 	83.10 	sax
224.72 	38.43 	87.38 	sax
241.78 	32.81 	87.47 	sax
235.12 	47.69 	97.81 	sax
237.75 	55.83 	105.37 	sax
47.22 	1.63 	12.36 	sax
63.51 	5.47 	20.75 	sax
52.10 	2.80 	14.83 	sax
82.81 	3.96 	22.76 	sax
80.94 	7.63 	26.87 	sax
194.89 	15.67 	72.26 	sax
211.68 	16.40 	77.81 	sax
172.43 	6.12 	47.94 	sax
157.29 	3.58 	38.60 	sax
149.03 	6.75 	39.68 	sax
143.90 	7.90 	42.23 	sax
222.46 	45.49 	94.88 	sax
300.61 	90.15 	144.49 	sax
382.95 	90.09 	168.80 	sax
357.77 	107.62 	172.58 	sax
406.71 	138.37 	209.17 	sax
413.89 	101.02 	184.82 	sax
195.41 	33.25 	75.81 	sax
221.82 	46.90 	93.32 	sax
387.68 	105.51 	181.79 	sax
446.51 	172.94 	242.07 	sax
421.15 	168.18 	234.04 	sax
470.61 	153.57 	238.84 	sax
510.49 	213.89 	290.16 	sax
381.49 	151.28 	213.97 	sax
223.59 	55.92 	104.18 	sax
441.75 	112.46 	210.56 	sax
387.41 	107.83 	189.20 	sax
369.46 	122.39 	195.75 	sax
463.83 	109.33 	227.58 	sax
474.51 	106.58 	209.35 	sax
426.82 	110.19 	202.58 	sax
143.36 	32.96 	60.99 	sax
193.55 	51.55 	84.84 	sax
445.85 	135.48 	208.87 	sax
487.30 	130.44 	216.96 	sax
526.37 	146.17 	237.31 	sax
626.68 	192.68 	299.26 	sax
594.17 	178.32 	274.95 	sax
454.85 	151.65 	218.80 	sax
554.26 	179.34 	273.43 	sax
546.25 	136.17 	237.67 	sax
186.97 	23.70 	67.11 	sax
510.02 	41.12 	151.52 	sax
477.25 	41.27 	142.05 	sax
676.17 	78.50 	219.05 	sax
577.34 	53.69 	177.45 	sax
658.09 	70.49 	207.65 	sax
648.20 	73.08 	209.42 	sax
747.62 	69.53 	229.35 	sax
744.07 	89.37 	243.34 	sax
766.40 	99.37 	256.92 	sax
677.11 	90.19 	228.08 	sax
304.25 	59.30 	133.46 	sax
460.27 	120.84 	223.91 	sax
475.36 	115.84 	216.62 	sax
514.26 	151.34 	260.93 	sax
661.83 	207.29 	338.84 	sax
483.59 	118.78 	224.79 	sax
519.22 	164.63 	269.32 	sax
590.97 	175.56 	295.62 	sax
385.15 	101.15 	188.00 	sax
126.25 	13.30 	43.96 	sax
232.59 	33.77 	90.30 	sax
324.43 	65.86 	138.85 	sax
291.84 	47.70 	113.08 	sax
378.61 	128.31 	204.93 	sax
488.07 	116.33 	217.64 	sax
421.72 	159.86 	229.96 	sax
210.30 	31.69 	80.79 	sax
223.11 	51.29 	101.02 	sax
233.77 	46.27 	100.02 	sax
220.07 	58.16 	105.66 	sax
242.10 	43.89 	96.46 	sax
243.78 	68.31 	117.73 	sax
221.51 	57.67 	102.53 	sax
289.54 	77.62 	134.88 	sax
247.77 	64.93 	115.54 	sax
215.32 	31.49 	82.89 	sax
450.17 	77.01 	178.49 	sax
553.00 	95.78 	222.70 	sax
481.88 	75.88 	182.75 	sax
497.47 	89.17 	201.67 	sax
597.09 	117.67 	254.00 	sax
566.90 	159.92 	272.82 	sax
514.94 	108.42 	218.19 	sax
145.63 	48.21 	74.54 	sax
191.62 	99.11 	124.23 	sax
186.36 	70.05 	103.18 	sax
198.19 	116.70 	141.43 	sax
181.57 	88.59 	113.88 	sax
180.47 	110.63 	130.56 	sax
205.47 	83.61 	119.22 	sax
228.91 	148.62 	172.36 	sax
285.58 	20.53 	89.06 	sax
332.75 	50.93 	123.94 	sax
405.29 	79.56 	168.33 	sax
355.51 	35.51 	129.04 	sax
423.31 	40.18 	148.15 	sax
547.27 	75.82 	208.15 	sax
140.33 	7.72 	40.52 	sax
195.94 	10.24 	56.84 	sax
267.36 	39.52 	105.31 	sax
254.23 	43.39 	101.16 	sax
278.64 	32.32 	95.69 	sax
286.50 	30.87 	102.84 	sax
253.39 	10.06 	70.69 	sax
314.98 	42.80 	112.67 	sax
251.35 	35.34 	93.58 	sax
197.39 	72.50 	110.31 	sax
211.76 	77.95 	116.29 	sax
276.33 	116.80 	166.43 	sax
272.12 	111.19 	159.64 	sax
281.07 	105.59 	156.61 	sax
239.78 	14.63 	73.85 	sax
247.91 	17.24 	76.52 	sax
262.49 	19.19 	83.20 	sax
158.71 	16.79 	50.84 	sax
198.56 	76.68 	111.94 	sax
220.95 	96.54 	138.73 	sax
163.69 	73.56 	102.78 	sax
139.71 	48.75 	77.03 	sax
381.72 	45.36 	132.14 	sax
437.74 	60.79 	173.30 	sax
579.18 	85.80 	236.85 	sax
712.54 	121.48 	292.48 	sax
665.22 	108.67 	285.99 	sax
556.88 	65.92 	209.69 	sax
590.17 	97.61 	252.83 	sax
597.59 	115.24 	265.20 	sax
738.55 	148.00 	317.82 	sax
795.75 	172.39 	364.70 	sax
608.10 	98.85 	255.46 	sax
613.76 	76.91 	230.13 	sax
628.22 	102.24 	261.63 	sax
358.17 	62.25 	152.61 	sax
139.06 	43.91 	72.30 	sax
248.02 	71.34 	125.09 	sax
212.45 	48.02 	96.24 	sax
230.13 	65.33 	113.77 	sax
260.90 	38.49 	100.74 	sax
110.49 	1.78 	28.71 	sax
163.79 	4.76 	45.90 	sax
315.50 	58.42 	130.69 	sax
287.01 	70.78 	133.81 	sax
76.99 	32.24 	52.23 	sax
78.19 	13.46 	30.56 	sax
111.60 	40.71 	64.01 	sax
365.51 	76.58 	152.30 	sax
436.37 	78.61 	173.60 	sax
200.36 	40.42 	82.89 	sax
609.71 	137.02 	259.23 	sax
627.96 	164.05 	288.38 	sax
416.53 	97.61 	177.76 	sax
124.23 	9.00 	37.14 	sax
191.37 	42.43 	91.30 	sax
234.06 	66.26 	127.65 	sax
252.53 	101.89 	162.85 	sax
226.15 	64.62 	127.33 	sax
261.53 	113.38 	173.36 	sax
209.90 	40.90 	101.61 	sax
250.42 	93.12 	152.91 	sax
263.93 	102.04 	158.22 	sax
246.63 	78.89 	136.01 	sax
303.53 	63.01 	125.58 	sax
256.26 	29.51 	91.60 	sax
347.82 	76.45 	150.58 	sax
282.15 	21.16 	86.71 	sax
416.02 	64.26 	158.74 	sax
309.10 	46.54 	114.98 	sax
314.84 	33.62 	105.47 	sax
355.11 	54.53 	133.49 	sax
153.46 	25.79 	58.98 	sax
352.70 	47.90 	120.54 	sax
504.66 	80.93 	184.07 	sax
503.49 	75.70 	181.01 	sax
519.33 	80.24 	187.62 	sax
539.13 	90.09 	202.29 	sax
347.72 	45.10 	120.40 	sax
479.51 	65.84 	168.71 	sax
494.26 	81.56 	185.08 	sax
221.52 	69.89 	113.57 	sax
219.25 	85.81 	127.23 	sax
279.91 	68.86 	122.28 	sax
541.86 	137.78 	247.34 	sax
529.60 	164.25 	263.27 	sax
582.34 	172.73 	282.80 	sax
514.73 	169.67 	260.20 	sax
510.90 	102.69 	207.97 	sax
492.39 	59.90 	166.99 	sax
576.06 	79.18 	204.25 	sax
517.97 	85.37 	199.26 	sax
533.37 	85.48 	202.41 	sax
536.22 	96.89 	210.38 	sax
498.51 	144.70 	239.99 	sax
549.05 	175.22 	281.48 	sax
297.17 	56.42 	119.33 	sax
257.69 	103.14 	133.80 	sax
352.55 	121.98 	173.44 	sax
453.13 	168.04 	233.98 	sax
437.26 	179.57 	235.51 	sax
504.53 	180.51 	261.08 	sax
483.55 	168.38 	246.27 	sax
464.77 	148.66 	230.65 	sax
444.64 	130.23 	211.38 	sax
65.99 	2.94 	22.90 	sax
186.68 	21.42 	85.88 	sax
150.33 	12.62 	58.55 	sax
247.49 	88.92 	149.14 	sax
179.79 	47.48 	93.95 	sax
117.40 	15.36 	44.80 	sax
138.17 	54.85 	86.09 	sax
152.48 	28.44 	83.98 	sax
177.73 	36.92 	100.23 	sax
180.01 	34.13 	96.40 	sax
195.05 	55.07 	115.33 	sax
163.23 	23.22 	64.72 	sax
187.99 	41.57 	94.81 	sax
309.52 	62.32 	125.64 	sax
371.00 	74.82 	152.57 	sax
365.07 	66.50 	142.90 	sax
427.54 	92.44 	181.32 	sax
486.74 	101.61 	202.94 	sax
548.63 	113.53 	223.12 	sax
516.05 	116.37 	218.37 	sax
477.69 	89.89 	189.99 	sax
318.90 	46.79 	118.99 	sax
363.05 	12.63 	103.10 	sax
394.69 	12.89 	105.96 	sax
356.90 	14.64 	105.27 	sax
354.57 	13.56 	101.18 	sax
349.09 	23.28 	111.70 	sax
392.38 	21.40 	112.48 	sax
369.20 	17.18 	98.88 	sax
353.77 	22.94 	111.82 	sax
142.81 	10.13 	43.31 	sax
206.96 	37.63 	80.60 	sax
262.56 	58.11 	106.62 	sax
251.85 	67.36 	114.27 	sax
320.14 	122.99 	167.24 	sax
323.83 	113.84 	160.40 	sax
286.52 	23.73 	90.86 	sax
265.97 	88.13 	131.58 	sax
280.54 	25.19 	89.09 	sax
386.18 	51.66 	139.02 	sax
419.86 	69.00 	164.50 	sax
345.92 	75.02 	150.75 	sax
191.59 	24.01 	63.66 	sax
183.91 	19.23 	57.24 	sax
351.82 	78.51 	153.58 	sax
450.50 	126.89 	223.74 	sax
468.65 	98.66 	196.24 	sax
419.92 	101.98 	194.38 	sax
398.57 	83.15 	171.11 	sax
142.50 	32.74 	60.63 	sax
192.94 	51.50 	84.69 	sax
444.55 	134.14 	207.71 	sax
484.92 	129.77 	215.95 	sax
523.19 	145.22 	235.88 	sax
623.83 	191.24 	297.68 	sax
590.88 	176.75 	272.98 	sax
453.70 	150.83 	217.91 	sax
552.15 	176.80 	271.23 	sax
543.35 	134.88 	235.94 	sax
186.25 	23.48 	66.74 	sax
270.74 	42.52 	94.35 	sax
300.81 	64.79 	116.97 	sax
365.44 	116.29 	171.99 	sax
382.08 	104.99 	167.98 	sax
368.74 	91.61 	154.10 	sax
385.48 	111.63 	171.92 	sax
404.46 	110.22 	174.44 	sax
379.35 	87.45 	152.87 	sax
271.49 	54.89 	104.11 	sax
176.13 	40.50 	80.54 	sax
207.99 	66.02 	112.13 	sax
216.22 	52.31 	106.26 	sax
308.16 	70.18 	142.33 	sax
273.80 	93.48 	155.58 	sax
193.78 	51.44 	96.55 	sax
289.49 	54.27 	117.25 	sax
412.73 	55.69 	152.77 	sax
575.47 	129.36 	255.29 	sax
559.11 	118.21 	239.40 	sax
444.60 	110.09 	203.80 	sax
715.17 	164.44 	318.46 	sax
598.33 	148.74 	274.29 	sax
268.68 	28.85 	99.42 	sax
329.25 	69.42 	157.31 	sax
392.57 	114.44 	217.97 	sax
373.76 	94.96 	190.10 	sax
388.42 	134.95 	222.45 	sax
353.15 	146.60 	213.47 	sax
348.99 	164.59 	228.75 	sax
407.24 	140.89 	237.11 	sax
353.24 	118.26 	190.26 	sax
288.65 	47.14 	109.74 	sax
404.74 	119.63 	192.59 	sax
499.99 	156.32 	246.16 	sax
337.97 	73.80 	144.63 	sax
524.32 	166.85 	256.83 	sax
439.58 	108.47 	199.09 	sax
394.02 	120.05 	200.16 	sax
537.78 	175.02 	268.74 	sax
579.26 	185.50 	298.21 	sax
141.48 	22.22 	52.95 	sax
204.59 	60.07 	96.90 	sax
268.60 	81.49 	129.88 	sax
172.13 	36.50 	72.70 	sax
275.60 	86.85 	134.63 	sax
229.17 	54.32 	102.07 	sax
204.51 	59.79 	101.82 	sax
287.66 	90.90 	141.70 	sax
321.46 	100.06 	162.81 	sax
202.79 	68.81 	103.88 	sax
138.24 	31.45 	59.53 	sax
166.95 	37.90 	71.45 	sax
291.38 	97.92 	145.28 	sax
268.95 	77.61 	127.26 	sax
286.46 	87.04 	136.52 	sax
377.55 	116.58 	184.41 	sax
246.48 	78.93 	127.54 	sax
338.16 	116.16 	172.18 	sax
337.50 	111.00 	173.62 	sax
126.86 	24.07 	51.26 	sax
186.96 	33.99 	74.51 	sax
148.48 	15.71 	50.74 	sax
156.14 	16.47 	53.85 	sax
173.78 	25.23 	65.41 	sax
187.82 	29.75 	69.59 	sax
196.49 	33.23 	75.02 	sax
224.34 	36.39 	84.08 	sax
245.82 	36.66 	91.71 	sax
265.57 	30.07 	86.65 	sax
306.71 	53.83 	114.14 	sax
403.26 	104.43 	174.83 	sax
385.47 	86.88 	157.62 	sax
417.03 	115.51 	185.43 	sax
477.78 	116.53 	199.71 	sax
542.76 	149.78 	240.57 	sax
533.96 	152.60 	241.28 	sax
382.36 	108.16 	175.62 	sax
128.22 	61.33 	78.75 	sax
207.46 	87.38 	117.87 	sax
261.00 	91.44 	136.21 	sax
454.80 	147.30 	219.07 	sax
535.52 	179.12 	271.03 	sax
502.67 	165.97 	248.48 	sax
608.51 	222.06 	327.85 	sax
680.43 	238.82 	357.99 	sax
685.93 	225.95 	348.62 	sax
635.64 	245.28 	351.00 	sax
489.24 	105.74 	203.64 	sax
500.33 	107.86 	208.86 	sax
539.06 	128.61 	237.27 	sax
564.33 	146.18 	255.98 	sax
597.85 	161.62 	273.15 	sax
503.57 	113.43 	207.07 	sax
563.27 	175.08 	274.47 	sax
417.98 	122.99 	200.21 	sax
178.90 	35.17 	79.79 	sax
357.05 	94.05 	169.26 	sax
352.54 	76.06 	155.66 	sax
368.95 	114.01 	187.87 	sax
345.21 	94.23 	167.20 	sax
347.85 	113.47 	182.95 	sax
376.68 	130.38 	202.36 	sax
350.29 	89.10 	165.19 	sax
317.67 	76.72 	149.88 	sax
173.90 	55.65 	101.77 	sax
408.33 	78.13 	179.57 	sax
432.32 	116.30 	220.35 	sax
482.73 	111.10 	221.57 	sax
487.91 	142.91 	251.08 	sax
328.62 	87.57 	169.45 	sax
231.42 	46.57 	105.89 	sax
254.81 	49.31 	109.87 	sax
211.36 	59.75 	108.34 	sax
198.32 	47.30 	97.39 	sax
241.39 	50.39 	108.88 	sax
214.42 	23.90 	88.42 	sax
327.89 	58.68 	138.71 	sax
435.10 	95.89 	200.79 	sax
447.65 	79.01 	188.04 	sax
516.55 	112.68 	235.12 	sax
512.44 	132.08 	251.76 	sax
663.31 	179.15 	320.87 	sax
528.10 	148.25 	260.83 	sax
322.28 	73.95 	140.67 	sax
322.55 	65.90 	134.51 	sax
384.54 	80.58 	160.43 	sax
331.30 	72.68 	138.59 	sax
468.09 	144.95 	236.84 	sax
373.30 	114.44 	190.35 	sax
486.42 	144.87 	241.38 	sax
479.71 	133.14 	231.09 	sax
278.47 	105.49 	151.00 	sax
308.66 	115.17 	164.94 	sax
333.17 	125.28 	187.63 	sax
311.29 	104.68 	159.99 	sax
333.36 	142.75 	201.52 	sax
339.23 	105.89 	174.45 	sax
334.99 	123.18 	187.93 	sax
284.96 	47.60 	108.36 	sax
253.28 	23.03 	79.63 	sax
259.33 	23.40 	84.06 	sax
262.21 	61.91 	117.33 	sax
336.03 	121.93 	182.25 	sax
361.47 	122.81 	192.79 	sax
314.13 	95.90 	157.80 	sax
324.69 	113.10 	176.03 	sax
231.25 	64.71 	110.94 	sax
272.00 	18.75 	87.75 	sax
300.19 	29.00 	106.88 	sax
305.37 	21.54 	94.98 	sax
333.50 	34.93 	112.45 	sax
167.01 	3.54 	42.69 	sax
198.75 	8.68 	57.35 	sax
341.92 	27.56 	112.05 	sax
355.53 	26.12 	108.48 	sax
190.43 	40.47 	80.14 	sax
267.87 	63.22 	118.32 	sax
315.16 	88.74 	149.73 	sax
306.75 	105.13 	160.05 	sax
272.93 	77.06 	126.15 	sax
256.65 	39.17 	90.74 	sax
256.20 	39.55 	92.90 	sax
256.53 	41.30 	93.97 	sax
241.87 	40.72 	88.86 	sax
317.67 	60.60 	128.79 	sax
392.71 	97.37 	177.01 	sax
220.08 	57.00 	101.00 	sax
219.11 	41.70 	85.56 	sax
334.24 	83.07 	145.75 	sax
323.34 	97.31 	155.17 	sax
371.09 	80.20 	154.47 	sax
390.02 	120.77 	186.89 	sax
329.10 	87.19 	144.96 	sax
238.15 	6.15 	62.99 	sax
316.66 	14.72 	93.46 	sax
326.69 	78.89 	142.31 	sax
359.01 	78.89 	149.19 	sax
340.38 	134.95 	179.69 	sax
192.06 	21.08 	65.02 	sax
258.42 	23.26 	82.88 	sax
244.73 	17.90 	74.63 	sax
284.49 	33.53 	100.36 	sax
260.82 	29.06 	90.02 	sax
219.43 	32.50 	81.10 	sax
263.53 	83.41 	141.64 	sax
258.52 	59.49 	120.86 	sax
264.49 	83.11 	143.10 	sax
227.50 	72.38 	124.87 	sax
245.34 	44.34 	99.53 	sax
291.41 	93.27 	171.15 	sax
62.59 	26.81 	43.81 	sax
136.37 	38.15 	71.23 	sax
131.73 	40.44 	72.65 	sax
177.03 	43.94 	84.95 	sax
100.10 	40.98 	66.14 	sax
194.18 	63.26 	104.83 	sax
366.52 	19.22 	103.85 	sax
354.42 	30.80 	108.59 	sax
355.69 	39.35 	115.08 	sax
338.95 	24.38 	100.85 	sax
295.24 	15.56 	81.04 	sax
167.62 	1.01 	39.34 	sax
280.15 	40.26 	93.79 	sax
379.19 	44.21 	124.43 	sax
413.95 	32.28 	124.45 	sax
329.55 	25.93 	100.66 	sax
484.28 	98.67 	189.07 	sax
638.73 	156.71 	272.02 	sax
739.92 	171.03 	313.51 	sax
660.93 	173.17 	293.36 	sax
804.56 	208.80 	352.45 	sax
748.82 	256.66 	368.91 	sax
213.80 	25.09 	69.39 	sax
323.80 	60.94 	120.73 	sax
447.13 	112.97 	187.32 	sax
450.73 	116.26 	190.23 	sax
456.69 	108.30 	189.10 	sax
504.05 	162.66 	234.78 	sax
472.77 	137.63 	211.63 	sax
439.22 	99.12 	177.55 	sax
490.64 	124.24 	208.44 	sax
195.53 	36.39 	73.37 	sax
424.64 	122.53 	202.33 	sax
415.32 	174.94 	229.39 	sax
455.15 	157.43 	233.20 	sax
351.33 	137.82 	194.19 	sax
434.31 	145.93 	221.03 	sax
341.19 	127.91 	186.60 	sax
192.20 	28.44 	76.39 	sax
392.88 	54.82 	160.70 	sax
475.68 	76.89 	196.35 	sax
413.28 	71.24 	178.40 	sax
480.92 	83.36 	206.06 	sax
321.59 	59.65 	145.43 	sax
450.87 	130.09 	235.70 	sax
572.06 	137.68 	275.96 	sax
439.00 	104.22 	214.53 	sax
123.56 	29.45 	61.82 	sax
363.05 	65.55 	153.71 	sax
406.59 	78.91 	172.79 	sax
484.58 	87.80 	201.65 	sax
551.15 	132.60 	249.13 	sax
383.76 	88.89 	175.98 	sax
255.25 	55.23 	110.74 	sax
184.09 	28.62 	74.85 	sax
488.10 	73.21 	196.45 	sax
435.50 	68.77 	176.47 	sax
533.90 	88.08 	215.97 	sax
579.26 	105.59 	238.08 	sax
147.77 	30.46 	67.05 	sax
303.08 	73.28 	146.73 	sax
433.96 	112.61 	220.61 	sax
417.75 	97.82 	197.38 	sax
513.28 	131.01 	256.11 	sax
500.77 	139.53 	253.21 	sax
579.15 	150.76 	286.98 	sax
225.95 	49.25 	110.28 	sax
251.95 	53.77 	109.00 	sax
255.65 	62.98 	117.23 	sax
280.96 	48.34 	116.05 	sax
266.68 	53.06 	113.56 	sax
254.20 	65.08 	121.44 	sax
258.83 	59.90 	118.96 	sax
173.67 	29.10 	70.10 	sax
289.68 	67.92 	139.61 	sax
295.28 	86.60 	148.50 	sax
386.40 	123.99 	212.15 	sax
355.52 	102.76 	183.96 	sax
305.51 	109.60 	169.86 	sax
378.11 	127.23 	208.36 	sax
327.90 	77.07 	153.95 	sax
309.20 	68.16 	136.78 	sax
328.24 	45.95 	124.80 	sax
478.71 	100.75 	208.39 	sax
525.22 	84.82 	207.85 	sax
529.67 	131.93 	251.70 	sax
563.65 	117.24 	246.19 	sax
542.79 	124.81 	239.44 	sax
518.55 	90.32 	213.30 	sax
432.92 	123.94 	220.22 	sax
288.77 	47.27 	109.82 	sax
405.01 	119.38 	192.48 	sax
500.57 	156.44 	246.41 	sax
337.82 	73.62 	144.53 	sax
525.01 	166.81 	257.12 	sax
439.20 	108.51 	198.94 	sax
394.31 	119.83 	200.17 	sax
538.34 	175.12 	269.01 	sax
579.34 	186.27 	298.90 	sax
407.80 	165.77 	249.75 	sax
472.28 	176.88 	273.15 	sax
506.70 	148.95 	259.04 	sax
246.95 	141.12 	179.37 	sax
238.64 	87.42 	137.20 	sax
332.18 	136.78 	197.61 	sax
413.61 	219.04 	280.48 	sax
363.52 	135.32 	211.07 	sax
333.77 	181.05 	224.95 	sax
421.33 	285.92 	320.36 	sax
381.24 	185.38 	243.56 	sax
405.64 	126.43 	188.10 	sax
313.57 	60.70 	119.18 	sax
375.94 	102.22 	165.12 	sax
352.03 	93.12 	152.85 	sax
390.51 	114.22 	182.80 	sax
449.41 	147.76 	213.07 	sax
268.90 	54.18 	134.86 	sax
243.52 	54.87 	132.45 	sax
287.13 	72.75 	161.79 	sax
296.75 	73.87 	166.46 	sax
258.20 	56.03 	141.94 	sax
239.13 	95.31 	139.35 	sax
334.53 	178.14 	214.27 	sax
326.87 	141.40 	190.42 	sax
361.98 	151.57 	208.23 	sax
344.43 	160.57 	205.31 	sax
358.11 	207.76 	242.67 	sax
388.87 	217.13 	258.25 	sax
340.97 	169.19 	215.15 	sax
321.78 	150.02 	193.36 	sax
212.09 	29.29 	75.75 	violin
252.40 	41.97 	94.46 	violin
310.81 	63.06 	122.80 	violin
343.49 	61.86 	134.89 	violin
341.71 	60.85 	133.55 	violin
316.83 	48.95 	114.92 	violin
133.74 	3.44 	36.57 	violin
244.75 	30.02 	83.80 	violin
344.02 	69.11 	135.44 	violin
417.42 	63.98 	148.91 	violin
388.22 	56.06 	141.07 	violin
637.45 	115.06 	245.82 	violin
484.07 	73.76 	176.15 	violin
316.57 	40.94 	106.93 	violin
460.08 	49.58 	149.73 	violin
589.86 	65.40 	201.11 	violin
566.52 	61.66 	190.51 	violin
578.62 	72.07 	201.45 	violin
463.55 	60.28 	164.23 	violin
146.70 	56.34 	76.39 	violin
384.89 	164.47 	213.24 	violin
466.05 	92.00 	188.64 	violin
396.65 	59.21 	142.41 	violin
514.46 	180.92 	261.95 	violin
202.97 	84.64 	117.35 	violin
445.74 	183.21 	246.42 	violin
63.56 	26.69 	35.36 	violin
192.15 	52.53 	89.45 	violin
147.21 	39.27 	67.20 	violin
229.33 	52.03 	99.59 	violin
169.89 	11.70 	52.29 	violin
377.73 	54.47 	140.55 	violin
715.31 	163.21 	300.58 	violin
458.40 	82.41 	171.74 	violin
655.71 	188.00 	297.52 	violin
601.99 	152.21 	264.82 	violin
507.56 	148.69 	244.89 	violin
841.31 	255.40 	404.21 	violin
127.40 	49.75 	76.82 	violin
300.90 	111.40 	171.45 	violin
441.05 	168.98 	250.48 	violin
333.70 	164.89 	222.93 	violin
400.31 	106.86 	193.69 	violin
452.86 	150.94 	238.80 	violin
430.43 	221.14 	293.37 	violin
411.20 	133.95 	215.89 	violin
322.30 	156.64 	210.27 	violin
787.66 	184.30 	329.50 	violin
833.22 	200.91 	349.53 	violin
879.91 	231.01 	385.66 	violin
893.79 	210.81 	375.51 	violin
1006.15 	222.51 	414.38 	violin
774.54 	287.49 	405.39 	violin
180.88 	33.56 	68.88 	violin
295.92 	115.64 	164.11 	violin
346.31 	92.54 	172.13 	violin
549.06 	122.56 	266.53 	violin
501.17 	120.94 	250.73 	violin
437.24 	115.92 	239.18 	violin
162.76 	37.01 	71.67 	violin
206.00 	41.64 	85.36 	violin
188.13 	51.36 	96.00 	violin
219.81 	55.30 	101.17 	violin
305.08 	47.27 	115.45 	violin
117.84 	22.36 	49.16 	violin
232.40 	29.73 	79.35 	violin
315.77 	51.74 	116.17 	violin
426.60 	130.83 	205.44 	violin
419.55 	122.76 	200.77 	violin
456.60 	128.89 	212.89 	violin
428.84 	115.82 	194.41 	violin
435.78 	145.63 	222.18 	violin
187.01 	55.13 	96.42 	violin
608.53 	87.11 	216.51 	violin
579.86 	71.54 	197.37 	violin
599.47 	112.31 	232.86 	violin
765.20 	82.09 	248.45 	violin
202.05 	56.67 	100.30 	violin
544.26 	78.81 	196.23 	violin
84.98 	28.71 	46.53 	violin
174.59 	33.74 	72.64 	violin
223.98 	51.96 	100.43 	violin
163.38 	40.61 	80.35 	violin
314.09 	47.72 	118.24 	violin
323.67 	66.12 	143.58 	violin
370.37 	66.71 	145.32 	violin
332.06 	39.52 	112.83 	violin
318.01 	40.08 	108.84 	violin
174.00 	26.34 	70.15 	violin
159.38 	46.99 	79.80 	violin
115.04 	16.80 	42.38 	violin
648.25 	114.45 	240.62 	violin
848.81 	224.54 	359.23 	violin
822.99 	270.17 	385.27 	violin
816.59 	261.33 	383.23 	violin
780.10 	268.10 	386.45 	violin
653.78 	212.51 	319.53 	violin
283.91 	45.75 	110.56 	violin
148.54 	39.70 	70.73 	violin
108.95 	17.12 	44.92 	violin
372.34 	39.88 	128.34 	violin
341.50 	58.16 	135.11 	violin
516.97 	75.77 	195.02 	violin
331.82 	36.50 	117.08 	violin
501.25 	41.60 	155.15 	violin
568.58 	73.36 	202.59 	violin
741.99 	100.54 	266.14 	violin
283.14 	52.02 	110.87 	violin
151.11 	2.61 	40.16 	violin
215.91 	36.38 	82.98 	violin
497.54 	94.32 	196.15 	violin
460.45 	72.80 	171.98 	violin
559.83 	88.49 	230.57 	violin
440.83 	93.11 	192.03 	violin
266.73 	34.82 	97.54 	violin
476.95 	60.42 	176.61 	violin
404.57 	69.82 	168.89 	violin
513.76 	112.66 	217.74 	violin
417.61 	81.67 	174.51 	violin
63.67 	13.98 	28.20 	violin
175.67 	43.65 	81.40 	violin
135.46 	27.95 	58.74 	violin
81.44 	11.51 	30.13 	violin
67.57 	10.21 	25.52 	violin
111.04 	14.10 	40.16 	violin
110.18 	21.84 	45.32 	violin
97.37 	16.50 	39.95 	violin
125.45 	26.72 	56.43 	violin
99.42 	23.56 	45.09 	violin
48.78 	13.28 	24.41 	violin
102.57 	23.79 	46.65 	violin
188.55 	21.92 	66.08 	violin
91.34 	20.46 	41.62 	violin
162.00 	34.28 	74.07 	violin
93.61 	14.21 	39.72 	violin
176.23 	26.33 	71.80 	violin
201.82 	25.65 	71.03 	violin
172.69 	27.77 	71.04 	violin
266.83 	77.24 	129.95 	violin
316.37 	99.59 	157.49 	violin
338.81 	102.00 	165.17 	violin
322.46 	78.74 	144.85 	violin
293.48 	75.48 	134.78 	violin
347.70 	108.07 	174.33 	violin
349.67 	89.04 	159.83 	violin
397.17 	114.45 	196.80 	violin
493.85 	121.94 	221.89 	violin
624.88 	231.42 	338.16 	violin
500.24 	192.06 	274.85 	violin
606.03 	254.46 	353.71 	violin
449.36 	180.15 	263.13 	violin
677.38 	211.35 	332.59 	violin
634.62 	217.86 	327.90 	violin
410.97 	181.68 	244.92 	violin
416.30 	74.17 	160.65 	violin
423.14 	67.45 	154.76 	violin
431.55 	73.83 	167.74 	violin
331.93 	50.23 	121.00 	violin
379.38 	68.91 	146.09 	violin
358.00 	68.88 	146.71 	violin
129.66 	41.64 	63.51 	violin
233.51 	59.91 	102.14 	violin
351.00 	91.09 	156.51 	violin
576.11 	143.20 	250.17 	violin
743.85 	223.72 	355.96 	violin
827.04 	291.43 	420.75 	violin
860.78 	240.41 	408.59 	violin
781.40 	228.30 	374.54 	violin
255.80 	28.77 	84.52 	violin
335.97 	48.13 	115.94 	violin
409.58 	57.34 	142.71 	violin
412.46 	48.64 	135.76 	violin
442.72 	46.24 	141.35 	violin
399.15 	54.18 	138.10 	violin
413.78 	55.47 	141.70 	violin
463.03 	55.04 	171.57 	violin
622.46 	118.45 	261.67 	violin
344.10 	47.02 	122.51 	violin
533.87 	112.74 	227.01 	violin
529.41 	116.95 	225.55 	violin
261.46 	28.94 	90.07 	violin
346.30 	55.80 	135.39 	violin
673.36 	144.40 	286.71 	violin
287.30 	71.97 	131.36 	violin
200.02 	49.73 	91.94 	violin
69.99 	12.52 	29.40 	violin
26.83 	8.56 	13.84 	violin
15.49 	4.65 	7.74 	violin
70.11 	15.65 	31.49 	violin
88.88 	18.05 	36.94 	violin
175.67 	42.36 	80.82 	violin
81.59 	16.13 	34.20 	violin
37.40 	8.19 	16.21 	violin
230.43 	62.66 	121.11 	violin
684.22 	171.06 	320.66 	violin
517.08 	127.91 	249.36 	violin
802.82 	215.38 	389.22 	violin
525.08 	127.82 	246.76 	violin
522.81 	144.20 	259.46 	violin
819.23 	235.15 	419.80 	violin
161.04 	70.14 	94.00 	violin
212.92 	75.53 	113.23 	violin
254.59 	105.19 	146.08 	violin
346.63 	138.05 	195.61 	violin
337.72 	109.77 	170.29 	violin
582.60 	246.06 	362.78 	violin
619.50 	257.97 	373.51 	violin
209.40 	40.72 	87.21 	violin
185.02 	37.02 	73.50 	violin
182.04 	53.10 	86.06 	violin
357.67 	72.41 	139.97 	violin
455.79 	112.02 	195.97 	violin
500.53 	148.23 	231.27 	violin
50.31 	5.20 	17.16 	violin
73.11 	11.36 	28.16 	violin
82.49 	8.50 	27.25 	violin
498.81 	93.44 	209.86 	violin
690.53 	128.28 	288.70 	violin
933.12 	249.01 	443.20 	violin
565.47 	130.76 	259.27 	violin
648.28 	233.30 	353.91 	violin
774.71 	255.95 	414.21 	violin
114.75 	14.12 	46.50 	violin
149.94 	42.38 	76.07 	violin
229.58 	59.07 	116.09 	violin
174.37 	46.53 	84.27 	violin
271.24 	87.61 	144.10 	violin
279.44 	51.86 	122.01 	violin
359.50 	109.13 	185.81 	violin
316.21 	93.09 	157.59 	violin
159.81 	73.10 	100.46 	violin
95.93 	31.40 	51.02 	violin
42.62 	30.37 	34.09 	violin
69.15 	31.16 	42.96 	violin
79.37 	29.90 	45.38 	violin
89.73 	44.64 	57.03 	violin
73.79 	54.90 	61.71 	violin
135.47 	68.24 	91.35 	violin
20.87 	23.74 	24.00 	violin
16.48 	37.51 	35.10 	violin
152.18 	79.43 	102.53 	violin
209.86 	58.59 	102.56 	violin
328.21 	92.27 	158.42 	violin
504.64 	140.84 	242.53 	violin
554.63 	148.40 	265.85 	violin
538.20 	151.71 	263.03 	violin
276.83 	44.71 	103.29 	violin
345.23 	57.53 	128.53 	violin
406.08 	56.85 	142.03 	violin
536.89 	64.73 	183.64 	violin
578.64 	92.42 	224.93 	violin
300.98 	49.59 	115.31 	violin
553.38 	120.90 	225.04 	violin
530.06 	90.98 	199.90 	violin
574.12 	116.99 	229.11 	violin
584.17 	125.27 	242.96 	violin
596.68 	127.45 	245.06 	violin
514.63 	116.28 	220.65 	violin
265.88 	72.38 	128.99 	violin
260.12 	68.25 	130.85 	violin
479.57 	129.18 	230.57 	violin
318.43 	75.12 	145.75 	violin
438.72 	152.03 	248.59 	violin
393.00 	81.80 	173.20 	violin
612.92 	187.38 	350.23 	violin
646.94 	155.12 	321.86 	violin
204.52 	44.94 	88.30 	violin
411.71 	90.96 	172.22 	violin
527.15 	100.82 	212.10 	violin
542.29 	99.40 	218.47 	violin
657.10 	139.21 	281.85 	violin
714.02 	153.74 	314.67 	violin
418.59 	84.17 	167.92 	violin
497.69 	53.19 	164.11 	violin
468.68 	83.52 	178.24 	violin
500.39 	76.73 	182.63 	violin
495.79 	80.41 	183.75 	violin
460.02 	77.97 	174.12 	violin
310.88 	67.61 	126.69 	violin
501.87 	89.62 	192.12 	violin
791.61 	167.24 	339.69 	violin
900.84 	155.28 	354.96 	violin
856.47 	163.65 	361.89 	violin
779.36 	154.08 	334.71 	violin
869.18 	161.35 	357.46 	violin
401.11 	48.69 	145.27 	violin
376.60 	72.64 	163.47 	violin
475.29 	73.26 	187.85 	violin
471.72 	71.77 	189.49 	violin
497.09 	75.35 	199.15 	violin
457.69 	88.93 	198.60 	violin
480.31 	68.53 	187.29 	violin
514.96 	87.43 	214.41 	violin
477.41 	61.75 	183.62 	violin
46.54 	3.64 	17.36 	violin
119.12 	22.04 	47.84 	violin
150.74 	37.26 	67.26 	violin
243.60 	55.44 	117.58 	violin
247.67 	47.57 	102.09 	violin
340.25 	60.26 	153.82 	violin
207.18 	37.60 	84.06 	violin
333.66 	45.69 	118.67 	violin
386.08 	57.09 	137.32 	violin
522.15 	125.31 	220.58 	violin
574.42 	123.31 	237.81 	violin
492.44 	116.72 	212.36 	violin
377.11 	94.12 	162.06 	violin
708.17 	193.13 	325.93 	violin
341.64 	96.44 	156.83 	violin
520.77 	95.52 	208.89 	violin
504.37 	186.65 	282.94 	violin
225.87 	28.54 	84.26 	violin
232.46 	49.43 	103.25 	violin
256.14 	47.49 	109.05 	violin
170.02 	38.12 	89.89 	violin
247.35 	23.92 	86.64 	violin
221.65 	50.63 	107.45 	violin
215.49 	29.49 	98.49 	violin
267.61 	49.77 	114.32 	violin
136.61 	97.02 	125.88 	violin
212.51 	113.56 	156.22 	violin
330.01 	105.43 	177.17 	violin
399.92 	113.53 	200.46 	violin
462.73 	146.93 	248.28 	violin
221.63 	116.24 	156.35 	violin
108.59 	22.78 	46.37 	violin
231.86 	36.28 	87.97 	violin
377.65 	57.22 	138.72 	violin
230.95 	31.29 	95.05 	violin
553.97 	95.68 	221.23 	violin
499.05 	84.32 	196.35 	violin
175.56 	33.10 	79.71 	violin
244.69 	47.18 	104.05 	violin
290.07 	69.42 	136.68 	violin
117.35 	6.51 	34.34 	violin
400.05 	68.24 	156.94 	violin
628.89 	127.60 	256.99 	violin
937.53 	191.47 	389.24 	violin
808.31 	199.03 	362.25 	violin
658.06 	145.78 	282.72 	violin
132.67 	18.96 	49.22 	violin
229.88 	32.25 	83.39 	violin
274.63 	36.96 	98.25 	violin
557.11 	56.12 	182.70 	violin
533.83 	64.16 	182.20 	violin
303.05 	34.59 	102.92 	violin
271.94 	43.56 	103.09 	violin
171.84 	16.96 	57.49 	violin
481.06 	144.13 	225.87 	violin
712.76 	181.81 	313.20 	violin
645.33 	193.46 	305.12 	violin
496.55 	113.82 	204.11 	violin
548.83 	130.68 	232.52 	violin
170.21 	26.79 	64.16 	violin
257.94 	52.85 	102.50 	violin
346.10 	65.69 	140.98 	violin
348.84 	87.70 	158.25 	violin
377.99 	90.77 	169.14 	violin
418.45 	120.73 	209.05 	violin
92.01 	36.98 	55.67 	violin
527.22 	72.50 	206.66 	violin
601.01 	87.26 	236.97 	violin
683.17 	131.40 	264.32 	violin
663.48 	90.96 	232.79 	violin
692.32 	123.56 	284.02 	violin
503.36 	92.43 	212.81 	violin
690.34 	160.44 	289.55 	violin
236.00 	63.06 	108.09 	violin
255.30 	58.39 	108.07 	violin
320.59 	118.75 	167.57 	violin
317.23 	89.13 	155.02 	violin
470.85 	183.03 	268.74 	violin
289.01 	74.21 	136.48 	violin
231.06 	157.86 	179.51 	violin
73.10 	24.92 	41.83 	violin
74.77 	15.76 	33.07 	violin
83.59 	27.07 	47.51 	violin
94.23 	18.49 	41.54 	violin
57.37 	16.11 	30.75 	violin
58.91 	12.73 	27.03 	violin
80.30 	24.73 	43.63 	violin
96.22 	20.28 	39.87 	violin
167.61 	42.50 	75.36 	violin
133.02 	37.64 	62.88 	violin
139.31 	29.25 	60.18 	violin
161.62 	45.04 	77.76 	violin
117.59 	24.21 	50.23 	violin
102.75 	17.70 	39.99 	violin
73.27 	11.26 	27.44 	violin
90.24 	21.86 	38.41 	violin
79.26 	28.48 	41.21 	violin
82.45 	29.54 	42.82 	violin
101.02 	28.68 	49.42 	violin
148.72 	50.79 	78.19 	violin
127.63 	45.84 	68.49 	violin
19.72 	7.20 	10.20 	violin
154.43 	53.00 	80.32 	violin
366.21 	75.06 	152.57 	violin
262.17 	148.97 	175.56 	violin
165.56 	43.32 	84.32 	violin
207.27 	64.33 	108.93 	violin
50.62 	10.40 	21.51 	violin
69.61 	16.56 	31.85 	violin
141.46 	31.38 	64.91 	violin
229.73 	68.90 	115.07 	violin
247.38 	58.06 	116.86 	violin
322.55 	89.16 	160.58 	violin
85.10 	18.93 	37.31 	violin
189.99 	69.67 	105.15 	violin
155.18 	35.22 	72.05 	violin
118.07 	16.79 	44.67 	violin
65.81 	6.16 	22.12 	violin
254.87 	72.94 	121.57 	violin
261.91 	86.85 	134.85 	violin
335.65 	67.09 	135.68 	violin
340.71 	74.75 	144.10 	violin
124.63 	53.43 	71.80 	violin
341.14 	83.87 	159.70 	violin
440.95 	100.05 	195.39 	violin
389.82 	80.81 	169.55 	violin
388.78 	88.09 	175.12 	violin
430.57 	97.91 	192.10 	violin
308.97 	60.22 	129.49 	violin
339.42 	63.45 	139.80 	violin
182.71 	12.08 	54.37 	violin
225.08 	28.68 	78.68 	violin
263.36 	55.02 	111.49 	violin
253.25 	48.07 	103.13 	violin
244.50 	20.42 	77.97 	violin
332.57 	56.14 	127.41 	violin
397.71 	71.74 	157.28 	violin
78.12 	9.71 	27.18 	violin
102.82 	15.91 	37.74 	violin
229.64 	34.32 	85.41 	violin
304.51 	53.70 	121.20 	violin
266.66 	59.11 	119.25 	violin
67.55 	8.47 	23.85 	violin
248.92 	31.13 	87.95 	violin
314.49 	52.25 	124.05 	violin
371.23 	62.45 	151.74 	violin
265.34 	31.21 	94.75 	violin
403.07 	56.35 	153.39 	violin
361.06 	67.82 	156.27 	violin
214.24 	21.03 	69.23 	violin
